1:3,8,15,24,35,48,63,80,99
2:7,14,23,34,47,62,79,98
3:1,6,13,22,33,46,61,78,97
4:5,12,21,32,45,60,77,96
5:4,11,20,31,44,59,76,95
6:3,10,19,30,43,58,75,94
7:2,9,18,29,42,57,74,93
8:1,17,28,41,56,73,92
9:7,16,27,40,55,72,91
10:6,15,26,39,54,71,90
11:5,14,25,38,53,70,89
12:4,13,24,37,52,69,88
13:3,12,23,36,51,68,87
14:2,11,22,35,50,67,86
15:1,10,21,34,49,66,85
16:9,20,33,48,65,84
17:8,19,32,47,64,83
18:7,31,46,63,82
19:6,17,30,45,62,81
20:5,16,29,44,61,80
21:4,15,28,43,60,79,100
22:3,14,27,42,59,78,99
23:2,13,26,41,58,77,98
24:1,12,25,40,57,76,97
25:11,24,39,56,75,96
26:10,23,38,55,74,95
27:9,22,37,54,73,94
28:8,21,36,53,72,93
29:7,20,35,52,71,92
30:6,19,34,51,70,91
31:5,18,33,50,69,90
32:4,17,49,68,89
33:3,16,31,48,67,88
34:2,15,30,47,66,87
35:1,14,29,46,65,86
36:13,28,45,64,85
37:12,27,44,63,84
38:11,26,43,62,83
39:10,25,42,61,82
40:9,24,41,60,81
41:8,23,40,59,80
42:7,22,39,58,79
43:6,21,38,57,78
44:5,20,37,56,77,100
45:4,19,36,55,76,99
46:3,18,35,54,75,98
47:2,17,34,53,74,97
48:1,16,33,52,73,96
49:15,32,51,72,95
50:14,31,71,94
51:13,30,49,70,93
52:12,29,48,69,92
53:11,28,47,68,91
54:10,27,46,67,90
55:9,26,45,66,89
56:8,25,44,65,88
57:7,24,43,64,87
58:6,23,42,63,86
59:5,22,41,62,85
60:4,21,40,61,84
61:3,20,39,60,83
62:2,19,38,59,82
63:1,18,37,58,81
64:17,36,57,80
65:16,35,56,79
66:15,34,55,78
67:14,33,54,77
68:13,32,53,76
69:12,31,52,75,100
70:11,30,51,74,99
71:10,29,50,73,98
72:9,28,49,97
73:8,27,48,71,96
74:7,26,47,70,95
75:6,25,46,69,94
76:5,24,45,68,93
77:4,23,44,67,92
78:3,22,43,66,91
79:2,21,42,65,90
80:1,20,41,64,89
81:19,40,63,88
82:18,39,62,87
83:17,38,61,86
84:16,37,60,85
85:15,36,59,84
86:14,35,58,83
87:13,34,57,82
88:12,33,56,81
89:11,32,55,80
90:10,31,54,79
91:9,30,53,78
92:8,29,52,77
93:7,28,51,76
94:6,27,50,75
95:5,26,49,74
96:4,25,48,73,100
97:3,24,47,72,99
98:2,23,46,71
99:1,22,45,70,97
100:21,44,69,96
